->Year
1990
1991
1992
1993
1994
1995
1996
1997
1998
1999
2000
2001
2002
2003
2004
->Team
DAL
DAL
DAL
DAL
DAL
DAL
DAL
DAL
DAL
DAL
DAL
DAL
DAL
ARI
ARI
->Rush
241
365
373
283
368
377
327
261
319
329
294
261
254
90
267
->Yds
937
1563
1713
1486
1484
1773
1204
1074
1332
1397
1203
1021
975
256
937
->Y/A
3.9
4.3
4.6
5.3
4.0
4.7
3.7
4.1
4.2
4.2
4.1
3.9
3.8
2.8
3.5
->TD
11
12
18
9
21
25
12
4
13
11
9
3
5
2
9
->Rec
24
49
59
57
50
62
47
40
27
27
11
17
16
14
15
->Yds
228
258
335
414
341
375
249
234
175
119
79
116
89
107
105
->Y/R
9.5
5.3
5.7
7.3
6.8
6.0
5.3
5.9
6.5
4.4
7.2
6.8
5.6
7.6
7.0
->TD
0
1
1
1
1
0
3
0
2
2
0
0
0
0
0