->Year
1977
1978
1979
1980
1981
1982
1983
1984
1985
1986
1987
1988
->Team
DAL
DAL
DAL
DAL
DAL
DAL
DAL
DAL
DAL
DAL
DAL
DEN
->Rush
208
290
250
278
342
177
289
302
305
184
130
181
->Yds
1007
1325
1107
1185
1646
745
1321
1189
1307
748
456
703
->Y/A
4.8
4.6
4.4
4.3
4.8
4.2
4.6
3.9
4.3
4.1
3.5
3.9
->TD
12
7
6
11
4
5
8
6
7
5
1
5
->Rec
29
37
45
34
32
24
40
51
46
25
19
16
->Yds
273
378
375
263
325
179
287
459
449
267
177
122
->Y/R
9.4
10.2
8.3
7.7
10.2
7.5
7.2
9.0
9.8
10.7
9.3
7.6
->TD
1
2
1
0
2
0
1
1
1
3
1
1
0